image: 082401.pgm
resolution: 0.050000
origin: [-3.552303, -9.839539, 0.000000]
negate: 0
occupied_thresh: 0.65
free_thresh: 0.196

