image: 082402.pgm
resolution: 0.050000
origin: [-3.344241, -9.791972, 0.000000]
negate: 0
occupied_thresh: 0.65
free_thresh: 0.196

