image: karto1009.pgm
resolution: 0.025000
origin: [-11.138283, -12.912261, 0.000000]
negate: 0
occupied_thresh: 0.65
free_thresh: 0.196

