image: mec2025.pgm
resolution: 0.050000
origin: [-8.100000, -13.271118, 0.000000]
negate: 0
occupied_thresh: 0.65
free_thresh: 0.196

