image: office0824.pgm
resolution: 0.050000
origin: [-2.655798, -12.423491, 0.000000]
negate: 0
occupied_thresh: 0.65
free_thresh: 0.196

