image: out0824.pgm
resolution: 0.050000
origin: [-3.500000, -12.801682, 0.000000]
negate: 0
occupied_thresh: 0.65
free_thresh: 0.196

